4294967279,92
4294967279,91
4294967279,90
4294967279,89
4294967279,87
4294967279,86
4294967279,85
4294967279,84
4294967279,83
4294967279,82
4294967279,113
4294967279,112
4294967279,110
4294967279,109
4294967279,108
4294967279,107
4294967279,106
4294967279,105
4294967279,104
4294967279,103
4294967279,102
4294967279,101
4294967279,100
4294967279,99
4294967279,98
4294967279,97
4294967279,96
4294967279,95
4294967279,94
4294967279,93
4294967279,111
4294967279,228
4294967278,174
4294967278,39
4294967278,38
4294967278,37
4294967278,34
4294967278,32
4294967278,31
4294967278,30
4294967278,29
4294967278,28
4294967278,25
4294967278,23
4294967278,22
4294967278,21
4294967278,20
4294967278,19
4294967278,18
4294967278,17
4294967278,16
4294967278,15
4294967278,14
4294967278,13
4294967278,12
4294967278,281
4294967278,11
4294967278,10
4294967278,9
4294967278,8
4294967278,7
4294967278,6
4294967278,5
4294967278,4
4294967279,132
4294967279,131
4294967279,130
4294967279,129
4294967279,128
4294967279,127
4294967279,126
4294967279,125
4294967279,124
4294967279,123
4294967279,122
4294967279,121
4294967279,120
4294967279,119
4294967279,118
4294967279,117
4294967279,116
4294967279,115
4294967279,114
4294967279,26
4294967279,23
4294967279,22
4294967279,21
4294967279,19
4294967279,18
4294967279,17
4294967279,88
4294967279,174
4294967278,218
4294967278,217
4294967278,354
28,5
28,4
4294967278,212
28,3
28,2
28,1
4294967278,353
4294967279,547
4294967278,352
4294967278,351
4294967278,350
4294967278,206
4294967279,546
4294967278,205
4294967278,204
27,5
27,4
27,3
27,2
27,1
4294967278,349
4294967278,348
4294967278,199
4294967278,347
4294967279,545
4294967279,544
4294967294,981
4294967294,386
4294967294,978
4294967278,194
4294967278,193
4294967278,192
4294967278,188
4294967279,543
4294967278,346
4294967278,345
4294967278,344
4294967278,182
4294967278,181
4294967278,180
4294967278,178
4294967278,177
4294967279,542
4294967278,176
4294967278,175
4294967278,173
4294967278,343
4294967279,541
4294967278,342
4294967294,432
4294967294,184
4294967294,388
4294967294,404
4294967294,414
4294967294,982
4294967294,167
4294967294,413
4294967294,457
4294967279,540
4294967279,539
4294967278,168
4294967278,167
4294967278,164
4294967278,166
4294967278,165
4294967278,341
4294967278,163
4294967278,162
4294967278,340
4294967278,161
4294967278,339
4294967278,338
4294967278,158
4294967278,337
4294967278,157
4294967294,475
4294967278,156
4294967278,155
4294967278,153
23,5
4294967278,152
23,4
23,3
23,2
23,1
4294967279,538
4294967278,151
4294967279,537
4294967278,336
4294967278,36
4294967279,536
4294967294,1152
4294967294,163
4294967294,980
4294967294,1029
4294967294,1031
4294967294,1033
4294967294,399
4294967294,394
4294967278,335
4294967278,35
4294967278,334
4294967278,33
4294967278,144
4294967278,143
22,5
4294967278,142
22,4
22,3
22,2
22,1
4294967278,141
4294967279,277
4294967278,27
4294967278,274
4294967279,535
4294967279,27
4294967294,393
4294967278,333
4294967278,26
4294967279,534
4294967279,25
4294967278,24
4294967278,273
4294967279,135
4294967279,274
4294967279,275
4294967279,533
4294967279,20
4294967279,273
20,4
20,3
20,2
20,1
4294967279,271
4294967279,270
4294967279,269
4294967294,18
4294967279,14
4294967279,285
4294967279,532
4294967278,332
4294967294,120
4294967294,114
4294967294,115
4294967279,531
4294967279,266
4294967279,530
4294967294,37
4294967294,1034
4294967294,397
4294967294,398
4294967294,411
4294967294,177
4294967294,410
4294967294,1022
4294967294,419
4294967294,168
4294967294,418
4294967294,405
4294967294,425
4294967294,183
4294967294,988
4294967294,111
4294967294,186
4294967294,455
4294967294,471
4294967279,264
4294967279,529
4294967278,331
4294967279,263
4294967279,528
4294967279,527
19,6
4294967279,282
19,5
19,4
4294967279,279
19,3
19,2
19,1
4294967278,330
4294967278,260
4294967278,0
4294967294,42
4294967294,76
4294967294,36
4294967294,39
4294967294,41
4294967294,91
4294967294,90
4294967294,87
4294967294,85
4294967294,84
4294967294,992
4294967294,987
4294967294,1019
4294967294,421
4294967294,52
4294967294,45
4294967294,82
4294967294,1153
4294967294,83
4294967279,526
4294967278,261
4294967278,132
4294967278,131
4294967278,128
4294967278,126
4294967278,125
4294967278,124
4294967278,123
4294967278,122
4294967278,121
4294967278,120
4294967278,118
4294967278,114
4294967278,112
4294967278,109
4294967278,108
4294967278,103
4294967278,101
4294967278,99
4294967278,98
4294967278,97
4294967278,96
4294967278,95
4294967278,94
4294967278,90
4294967278,87
4294967278,84
4294967278,83
4294967278,78
4294967278,76
4294967278,74
4294967278,73
4294967278,72
4294967278,71
4294967278,70
4294967278,69
4294967278,65
4294967278,64
4294967278,63
4294967278,62
4294967278,61
4294967278,60
4294967278,59
4294967278,57
4294967278,56
4294967278,55
4294967278,54
4294967278,53
4294967278,52
4294967278,51
4294967278,50
4294967278,49
4294967278,48
4294967278,47
4294967278,46
4294967278,45
